EPSG:4326
-58.54574041 -34.48170029 22.026 3224.8149 3079.4067 DJI_0152.JPG 10
-58.54574041 -34.48170029 22.026 3507.1294 3188.4197 DJI_0153.JPG 10
-58.54574041 -34.48170029 22.026 2740.8899 581.65204 DJI_0186.JPG 10
-58.54574041 -34.48170029 22.026 2651.6711 1272.9917 DJI_0187.JPG 10
-58.54574041 -34.48170029 22.026 755.91449 2454.0088 DJI_0188.JPG 10
-58.54574041 -34.48170029 22.026 681.06036 2843.3071 DJI_0189.JPG 10
-58.55061101 -34.48376999 22.477 3798.0901 1124.92 DJI_0152.JPG 11
-58.55061101 -34.48376999 22.477 3278.9634 1156.1252 DJI_0153.JPG 11
-58.55061101 -34.48376999 22.477 2872.0605 2609.8896 DJI_0186.JPG 11
-58.55061101 -34.48376999 22.477 2783.2615 3300.6838 DJI_0187.JPG 11
-58.55061101 -34.48376999 22.477 414.3992 419.1134 DJI_0188.JPG 11
-58.55061101 -34.48376999 22.477 3161.0049 1646.6932 DJI_0154.JPG 11
-58.55061101 -34.48376999 22.477 3081.1643 2166.9861 DJI_0155.JPG 11
-58.55061101 -34.48376999 22.477 3024.1165 2691.6819 DJI_0156.JPG 11
-58.55061101 -34.48376999 22.477 2994.7031 3231.2932 DJI_0157.JPG 11
-58.55061101 -34.48376999 22.477 3230.2798 399.0018 DJI_0182.JPG 11
-58.55061101 -34.48376999 22.477 3137.7764 946.86652 DJI_0183.JPG 11
-58.55061101 -34.48376999 22.477 3052.8164 1503.7295 DJI_0184.JPG 11
-58.55061101 -34.48376999 22.477 2963.5393 2058.5662 DJI_0185.JPG 11
-58.57662623 -34.49576156 22.089 2810.2356 3169.2053 DJI_0152.JPG C12
-58.57662623 -34.49576156 22.089 3161.2551 3434.2915 DJI_0153.JPG C12
-58.57662623 -34.49576156 22.089 3095.4189 357.50677 DJI_0186.JPG C12
-58.57662623 -34.49576156 22.089 3005.7886 1047.5634 DJI_0187.JPG C12
-58.57662623 -34.49576156 22.089 419.40424 2714.5579 DJI_0188.JPG C12
-58.57662623 -34.49576156 22.089 332.00305 3089.3003 DJI_0189.JPG C12
-58.58865635 -34.48272334 24.19 3181.3796 142.2354 DJI_0156.JPG C24
-58.58865635 -34.48272334 24.19 3112.4421 698.05768 DJI_0157.JPG C24
-58.58865635 -34.48272334 24.19 2835.7136 2917.333 DJI_0182.JPG C24
-58.58865635 -34.48272334 24.19 2740.6277 3475.1211 DJI_0183.JPG C24
-58.58865635 -34.48272334 24.19 3037.7627 2914.0364 DJI_0161.JPG C24
-58.58865635 -34.48272334 24.19 3062.7681 3473.9944 DJI_0162.JPG C24
-58.58865635 -34.48272334 24.19 3222.5044 251.66052 DJI_0178.JPG C24
-58.58865635 -34.48272334 24.19 3174.1218 671.1546 DJI_0179.JPG C24
-58.58865635 -34.48272334 24.19 241.38635 3020.8879 DJI_0196.JPG C24
-58.58865635 -34.48272334 24.19 3044.8865 1808.2531 DJI_0159.JPG C24
-58.58865635 -34.48272334 24.19 3039.8975 2364.1741 DJI_0160.JPG C24
-58.58865635 -34.48272334 24.19 3101.4011 1239.1033 DJI_0180.JPG C24
-58.58865635 -34.48272334 24.19 3019.9526 1796.8573 DJI_0181.JPG C24
-58.58865635 -34.48272334 24.19 3069.8052 1250.4977 DJI_0158.JPG C24
-58.58865635 -34.48272334 24.19 284.47574 606.97467 DJI_0193.JPG C24
-58.58865635 -34.48272334 24.19 240.97263 1211.1615 DJI_0194.JPG C24
-58.58865635 -34.48272334 24.19 240.01657 2436.2109 DJI_0195.JPG C24
-58.58865635 -34.48272334 24.19 330.34442 14.014395 DJI_0192.JPG C24
-58.58214479 -34.5154245 24.166 3272.7515 708.5769 DJI_0157.JPG 8
-58.58214479 -34.5154245 24.166 2675.6899 2890.5229 DJI_0182.JPG 8
-58.58214479 -34.5154245 24.166 3197.1091 2913.3923 DJI_0161.JPG 8
-58.58214479 -34.5154245 24.166 3013.3611 646.31366 DJI_0179.JPG 8
-58.58214479 -34.5154245 24.166 409.77618 3019.8372 DJI_0196.JPG 8
-58.58214479 -34.5154245 24.166 3206.0256 1814.6157 DJI_0159.JPG 8
-58.58214479 -34.5154245 24.166 3199.7095 2367.0911 DJI_0160.JPG 8
-58.58214479 -34.5154245 24.166 2940.7185 1213.7373 DJI_0180.JPG 8
-58.58214479 -34.5154245 24.166 2859.7522 1770.8782 DJI_0181.JPG 8
-58.58214479 -34.5154245 24.166 3229.7227 1257.131 DJI_0158.JPG 8
-58.58214479 -34.5154245 24.166 452.323 617.48358 DJI_0193.JPG 8
-58.58214479 -34.5154245 24.166 409.28244 1218.4391 DJI_0194.JPG 8
-58.58214479 -34.5154245 24.166 407.62076 2437.1284 DJI_0195.JPG 8
-58.54917863 -34.51071147 24.149 2945.5134 686.78357 DJI_0157.JPG 9
-58.54917863 -34.51071147 24.149 3000.9514 2946.1406 DJI_0182.JPG 9
-58.54917863 -34.51071147 24.149 2870.7822 2912.1443 DJI_0161.JPG 9
-58.54917863 -34.51071147 24.149 3388.7952 280.07288 DJI_0178.JPG 9
-58.54917863 -34.51071147 24.149 3340.3823 699.0545 DJI_0179.JPG 9
-58.54917863 -34.51071147 24.149 2877.8091 1799.988 DJI_0159.JPG 9
-58.54917863 -34.51071147 24.149 2873.2339 2359.834 DJI_0160.JPG 9
-58.54917863 -34.51071147 24.149 3267.2646 1266.7312 DJI_0180.JPG 9
-58.54917863 -34.51071147 24.149 3186.7151 1825.4268 DJI_0181.JPG 9
-58.54917863 -34.51071147 24.149 2902.5918 1242.7903 DJI_0158.JPG 9
-58.57084704 -34.51277957 22.675 3276.6572 602.09833 DJI_0166.JPG 3
-58.57084704 -34.51277957 22.675 3282.7534 1157.7975 DJI_0167.JPG 3
-58.57084704 -34.51277957 22.675 3305.0193 2271.7532 DJI_0168.JPG 3
-58.57084704 -34.51277957 22.675 3312.123 2977.5154 DJI_0169.JPG 3
-58.57084704 -34.51277957 22.675 3290.8196 3014.7686 DJI_0170.JPG 3
-58.57084704 -34.51277957 22.675 2889.5352 816.21509 DJI_0171.JPG 3
-58.57084704 -34.51277957 22.675 2807.5078 1242.3975 DJI_0172.JPG 3
-58.57084704 -34.51277957 22.675 2775.9617 1802.5273 DJI_0173.JPG 3
-58.57084704 -34.51277957 22.675 2739.3977 2350.1829 DJI_0174.JPG 3
-58.57084704 -34.51277957 22.675 2684.3984 2901.2888 DJI_0175.JPG 3
-58.57013606 -34.48462354 22.757 2938.6785 725.57483 DJI_0166.JPG 4
-58.57013606 -34.48462354 22.757 2945.9934 1284.8715 DJI_0167.JPG 4
-58.57013606 -34.48462354 22.757 2967.4507 2402.1221 DJI_0168.JPG 4
-58.57013606 -34.48462354 22.757 2955.0676 3150.686 DJI_0170.JPG 4
-58.57013606 -34.48462354 22.757 3239.2983 712.79932 DJI_0171.JPG 4
-58.57013606 -34.48462354 22.757 3153.7397 1131.5472 DJI_0172.JPG 4
-58.57013606 -34.48462354 22.757 3122.3171 1696.0321 DJI_0173.JPG 4
-58.57013606 -34.48462354 22.757 3085.9685 2247.188 DJI_0174.JPG 4
-58.57013606 -34.48462354 22.757 3032.0684 2803.4412 DJI_0175.JPG 4
-58.58833094 -34.49494919 24.199 3278.1685 3157.7656 DJI_0166.JPG 5
-58.58833094 -34.49494919 24.199 2928.738 356.22092 DJI_0175.JPG 5
-58.58833094 -34.49494919 24.199 3233.606 356.66443 DJI_0161.JPG 5
-58.58833094 -34.49494919 24.199 3238.5015 915.32568 DJI_0162.JPG 5
-58.58833094 -34.49494919 24.199 3245.3806 1467.561 DJI_0163.JPG 5
-58.58833094 -34.49494919 24.199 3256.1897 2025.0579 DJI_0164.JPG 5
-58.58833094 -34.49494919 24.199 3263.8894 2589.2974 DJI_0165.JPG 5
-58.58833094 -34.49494919 24.199 2848.571 1491.5853 DJI_0176.JPG 5
-58.58833094 -34.49494919 24.199 2783.572 2064.7852 DJI_0177.JPG 5
-58.58833094 -34.49494919 24.199 2683.364 2785.4453 DJI_0178.JPG 5
-58.58833094 -34.49494919 24.199 2621.6389 3200.8274 DJI_0179.JPG 5
-58.58833094 -34.49494919 24.199 435.5452 390.57315 DJI_0196.JPG 5
-58.58833094 -34.49494919 24.199 512.2251 1103.5214 DJI_0197.JPG 5
-58.59263349 -34.48215983 24.187 2970.4082 3160.689 DJI_0166.JPG 6
-58.59263349 -34.48215983 24.187 3235.9539 386.87286 DJI_0175.JPG 6
-58.59263349 -34.48215983 24.187 2925.8298 349.58749 DJI_0161.JPG 6
-58.59263349 -34.48215983 24.187 2930.7214 911.37854 DJI_0162.JPG 6
-58.59263349 -34.48215983 24.187 2936.2463 1467.116 DJI_0163.JPG 6
-58.59263349 -34.48215983 24.187 2947.6123 2024.7916 DJI_0164.JPG 6
-58.59263349 -34.48215983 24.187 2955.5393 2590.9724 DJI_0165.JPG 6
-58.59263349 -34.48215983 24.187 3155.7278 1528.6818 DJI_0176.JPG 6
-58.59263349 -34.48215983 24.187 3090.3369 2105.146 DJI_0177.JPG 6
-58.59263349 -34.48215983 24.187 2990.1509 2828.7871 DJI_0178.JPG 6
-58.59263349 -34.48215983 24.187 2928.1511 3245.1804 DJI_0179.JPG 6
-58.5744353 -34.47917881 24.201 3124.1064 3160.0156 DJI_0166.JPG C22
-58.5744353 -34.47917881 24.201 3083.4619 370.51166 DJI_0175.JPG C22
-58.5744353 -34.47917881 24.201 3079.1274 353.16791 DJI_0161.JPG C22
-58.5744353 -34.47917881 24.201 3084.1455 914.04089 DJI_0162.JPG C22
-58.5744353 -34.47917881 24.201 3090.5989 1467.9237 DJI_0163.JPG C22
-58.5744353 -34.47917881 24.201 3101.8315 2026.0127 DJI_0164.JPG C22
-58.5744353 -34.47917881 24.201 3109.0203 2590.821 DJI_0165.JPG C22
-58.5744353 -34.47917881 24.201 3003.4634 1509.4806 DJI_0176.JPG C22
-58.5744353 -34.47917881 24.201 2937.8616 2084.5488 DJI_0177.JPG C22
-58.5744353 -34.47917881 24.201 2837.8022 2806.5869 DJI_0178.JPG C22
-58.5744353 -34.47917881 24.201 2776.0593 3222.7241 DJI_0179.JPG C22
-58.5744353 -34.47917881 24.201 274.45996 387.90939 DJI_0196.JPG C22
-58.5744353 -34.47917881 24.201 357.16785 1101.953 DJI_0197.JPG C22
-58.5509781 -34.4792032 24.172 3058.9316 1696.2971 DJI_0161.JPG 7
-58.5509781 -34.4792032 24.172 3074.4912 2256.2534 DJI_0162.JPG 7
-58.5509781 -34.4792032 24.172 3086.8857 2810.5122 DJI_0163.JPG 7
-58.5509781 -34.4792032 24.172 3093.1897 3369.0063 DJI_0164.JPG 7
-58.5509781 -34.4792032 24.172 3117.9382 747.0257 DJI_0177.JPG 7
-58.5509781 -34.4792032 24.172 3037.5586 1471.584 DJI_0178.JPG 7
-58.5509781 -34.4792032 24.172 2982.478 1888.9523 DJI_0179.JPG 7
-58.5509781 -34.4792032 24.172 3104.9346 582.98596 DJI_0159.JPG 7
-58.5509781 -34.4792032 24.172 3077.9902 1143.9349 DJI_0160.JPG 7
-58.5509781 -34.4792032 24.172 2905.6611 2453.1155 DJI_0180.JPG 7
-58.5509781 -34.4792032 24.172 2814.3342 3007.9958 DJI_0181.JPG 7
